{"0_K": [[7944.1150269034115, 0.0, 1023.4407857548141], [0.0, 7944.1150269034115, 1395.7922697410922], [0.0, 0.0, 1.0]], "0_Rt": [[0.006531842863706339, -0.09026707454275551, 0.9958961744490721, -6.82393699802679], [0.654817174812387, 0.7530758037925521, 0.06396328097373849, -0.36136956293749883], [-0.7557590903188183, 0.651712121258838, 0.06402740354549874, 5.674881878410461]], "0_ori": "SSP_31774.JPG", "0_sn": "351035014254", "0_width": 1728, "0_height": 2592, "0_distortion": [0.24169456590364813, 80.81608265193667, 0.011538183511844984, 0.011682132488927625, -3621.973447830809], "0_match_num": 133, "0_valid": true, "1_K": [[7182.586834824217, 0.0, 703.0137751411088], [0.0, 7182.586834824217, 1291.743228297841], [0.0, 0.0, 1.0]], "1_Rt": [[-0.002471205082746425, 0.029818152442018908, 0.999552285240939, -6.707559302825703], [0.9624476890960603, 0.2714070035159054, -0.005717009372971066, -0.8459349996542307], [-0.27145596125171456, 0.9620026591582073, -0.02936911427751676, 7.66938439652538]], "1_ori": "SSP_31775.JPG", "1_sn": "361035004896", "1_width": 1728, "1_height": 2592, "1_distortion": [0.6200714124167359, 6.322703574673506, -0.027037703443510846, -0.00555014286270006, -207.4698561608793], "1_match_num": 514, "1_valid": true, "2_K": [[11191.76803891383, 0.0, 970.2611396840132], [0.0, 11191.76803891383, 1091.7720194878023], [0.0, 0.0, 1.0]], "2_Rt": [[-0.019063532680294176, -0.49078113270581425, 0.8710743145689381, -6.022042209020647], [0.9351156579808082, 0.29957166276554514, 0.18924990110170892, -1.8020146152333496], [-0.35382946163493434, 0.8181630024927089, 0.45322622765154297, 5.413914427291463]], "2_ori": "SSP_31776.JPG", "2_sn": "351035018518", "2_width": 1728, "2_height": 2592, "2_distortion": [1.0247768943731745, 23.157056807229743, 0.008219719627536284, 0.03299635652333765, -678.1112792024226], "2_match_num": 1148, "2_valid": true, "3_K": [[9155.33296628089, 0.0, 947.748271919594], [0.0, 9155.33296628089, 1283.2284121656446], [0.0, 0.0, 1.0]], "3_Rt": [[-0.002675975476043063, 0.2371750697467331, -0.9714632393692948, 6.702013820293555], [0.9389260995260926, -0.3336951771736939, -0.08405538864186152, -0.48534878305847495], [-0.3441084404427897, -0.91235712033263, -0.22179690303153854, 7.835265432479919]], "3_ori": "SSP_31777.JPG", "3_sn": "361035014761", "3_width": 1728, "3_height": 2592, "3_distortion": [0.45564896264486326, 14.376126167098098, -0.008137648630063351, -0.0028055170202422844, -100.11595706712403], "3_match_num": 700, "3_valid": true, "4_K": [[8269.239444117886, 0.0, 871.2727081777144], [0.0, 8269.239444117886, 1371.199254552977], [0.0, 0.0, 1.0]], "4_Rt": [[-0.009083376629793229, 0.17006674414165046, -0.9853906813066886, 6.682273713950549], [0.9996642679400929, 0.025457952237617175, -0.004821210601648255, -1.0061716723989391], [0.024266101310255198, -0.9851036469351466, -0.17024089145171528, 6.893089661756946]], "4_ori": "SSP_31778.JPG", "4_sn": "361035014857", "4_width": 1728, "4_height": 2592, "4_distortion": [0.267353261619098, 32.93999358186261, 0.0014700974341511298, -0.00718970071639477, -1128.6424040157565], "4_match_num": 346, "4_valid": true, "5_K": [[7813.762568464005, 0.0, 857.685603038621], [0.0, 7813.762568464005, 1182.9108944251107], [0.0, 0.0, 1.0]], "5_Rt": [[-0.03956306580352431, -0.4540294171995555, 0.89010788792239, -6.245235788344719], [0.6582695019460952, 0.6583375723854721, 0.3650656154628139, -2.2962896000056787], [-0.7517419947241645, 0.6003739910281218, 0.2728278656316084, 4.319490130654682]], "5_ori": "SSP_31779.JPG", "5_sn": "351035021518", "5_width": 1728, "5_height": 2592, "5_distortion": [-0.13821538292053298, 109.06211621888816, -0.001768166389462579, -0.024388820657952497, -4861.690217817977], "5_match_num": 211, "5_valid": true, "6_K": [[8269.239444117886, 0.0, 871.2727081777144], [0.0, 8269.239444117886, 1371.199254552977], [0.0, 0.0, 1.0]], "6_Rt": [[-0.02930965288276491, 0.16207388455905014, -0.9863432466397442, 6.779397948962266], [0.9684856757324964, -0.23956604630370645, -0.06814400457399165, -0.7113539040817264], [-0.24733871542656166, -0.9572565828461823, -0.14994463794610458, 7.2705631948308715]], "6_ori": "SSP_31780.JPG", "6_sn": "074036002363", "6_width": 1728, "6_height": 2592, "6_distortion": [0.267353261619098, 32.93999358186261, 0.0014700974341511298, -0.00718970071639477, -1128.6424040157565], "6_match_num": 710, "6_valid": true, "7_K": [[9155.33296628089, 0.0, 947.748271919594], [0.0, 9155.33296628089, 1283.2284121656446], [0.0, 0.0, 1.0]], "7_Rt": [[-0.05973751231310768, -0.998124593932355, -0.01336879239171676, -0.6356333507907441], [0.9590459784821681, -0.06110317213904135, 0.27658129638810997, -2.753769084875656], [-0.2768794697694687, 0.0037009920181210404, 0.960897529332998, 0.6174792172015622]], "7_ori": "SSP_31781.JPG", "7_sn": "184066128633", "7_width": 1728, "7_height": 2592, "7_distortion": [0.45564896264486326, 14.376126167098098, -0.008137648630063351, -0.0028055170202422844, -100.11595706712403], "7_match_num": 1130, "7_valid": true, "8_K": [[8046.6628401076205, 0.0, 892.9476624176438], [0.0, 8046.6628401076205, 1295.46809781398], [0.0, 0.0, 1.0]], "8_Rt": [[0.003993346232276769, -0.08740371523976782, -0.9961649681393915, 6.505183852110233], [0.9996978204097778, 0.024511629164162888, 0.0018568531600506675, -0.8955943052493938], [0.02425533042051977, -0.995871362475096, 0.08747518704288246, 4.744631305232068]], "8_ori": "SSP_31783.JPG", "8_sn": "351035018638", "8_width": 1728, "8_height": 2592, "8_distortion": [0.7011483465863793, -22.54340930153138, -0.00023506680414798597, 0.0011433416859007372, 597.6914140172427], "8_match_num": 598, "8_valid": true, "9_K": [[10926.391287418086, 0.0, 753.9056798337933], [0.0, 10926.391287418086, 1491.918517955481], [0.0, 0.0, 1.0]], "9_Rt": [[-0.06465350395106756, -0.8197147342762966, 0.5691113061934279, -4.3337004368834595], [0.9329718863381504, 0.15271279912387464, 0.3259482478651854, -2.804994666506577], [-0.3540951619684778, 0.5520385452068464, 0.7548973843353982, 3.0202729753005104]], "9_ori": "SSP_31784.JPG", "9_sn": "374035007594", "9_width": 1728, "9_height": 2592, "9_distortion": [0.9107887730033797, 0.9005914012606503, 0.011315560931369605, 0.022205035949463638, 201.7970211414791], "9_match_num": 1278, "9_valid": true, "10_K": [[8920.756602691523, 0.0, 813.8887926136866], [0.0, 8920.756602691523, 1517.8036943583525], [0.0, 0.0, 1.0]], "10_Rt": [[0.03872230005470157, -0.503023181868231, 0.8634050393538564, -6.122506405802428], [0.9958644336972866, -0.0516399669942267, -0.07474853514028182, -0.6627101128035449], [0.082186453721136, 0.8627288057738629, 0.49894327785104775, 4.373484106918246]], "10_ori": "SSP_31785.JPG", "10_sn": "331034002110", "10_width": 1728, "10_height": 2592, "10_distortion": [0.28526162966744606, 28.71474431838439, -0.0034325488451725484, 0.02605625882832729, -1024.6798911368264], "10_match_num": 930, "10_valid": true, "11_K": [[9697.691015431667, 0.0, 904.3008095218565], [0.0, 9697.691015431667, 1236.8843690405586], [0.0, 0.0, 1.0]], "11_Rt": [[-0.00910665953465592, -0.8103185635238327, 0.5859188462242806, -4.488383632406529], [0.9935208251868181, -0.07371327725347422, -0.08650273219185989, -0.5221858959983964], [0.11328476805036083, 0.5813348246623669, 0.8057396496155264, 1.8530494237544808]], "11_ori": "SSP_31786.JPG", "11_sn": "424035005846", "11_width": 1728, "11_height": 2592, "11_distortion": [0.622556995290531, 8.516607218340557, -0.00435065757702586, -0.0053784484197208545, -268.97840587284895], "11_match_num": 1534, "11_valid": true, "12_K": [[9697.691015431667, 0.0, 823.6991904781435], [0.0, 9697.691015431667, 1355.1156309594414], [0.0, 0.0, 1.0]], "12_Rt": [[-0.044512670948140584, -0.6648834904257666, -0.7456195855020924, 4.644602372616616], [0.9667647284768034, 0.15942314472239905, -0.19987551300745576, 0.41652557392212447], [0.2517629478263932, -0.7297357090660088, 0.6356895571076294, 1.7648855022149688]], "12_ori": "SSP_31787.JPG", "12_sn": "384035019986", "12_width": 1728, "12_height": 2592, "12_distortion": [0.622556995290531, 8.516607218340557, -0.00435065757702586, -0.0053784484197208545, -268.97840587284895], "12_match_num": 841, "12_valid": true, "13_K": [[10633.464753020255, 0.0, 878.8939995288084], [0.0, 10633.464753020255, 1328.774768285216], [0.0, 0.0, 1.0]], "13_Rt": [[-0.013195708247818766, -0.14470139296400308, -0.989387376186959, 6.498045898373196], [0.9477846009453432, -0.3171214446408551, 0.033739288074493, -1.3793453364706816], [-0.3186380760278266, -0.937280905717797, 0.1413303940492301, 5.317081924351978]], "13_ori": "SSP_31788.JPG", "13_sn": "184066128647", "13_width": 1728, "13_height": 2592, "13_distortion": [0.487248588000708, 88.42969371239428, -0.003088026951500078, -0.0028835418797636407, -4733.5191779356965], "13_match_num": 381, "13_valid": true, "14_K": [[8661.099571012412, 0.0, 968.852933912064], [0.0, 8661.099571012412, 1407.9336884760562], [0.0, 0.0, 1.0]], "14_Rt": [[0.0011866941537774741, -0.999943895496908, -0.01052604462531173, -0.7738987946112377], [0.9959893484823602, 0.0021235735997710593, -0.08944667766244904, -0.5610942953123756], [0.08946401213152189, -0.010377682479003633, 0.9959359890272547, -0.5372672961135505]], "14_ori": "SSP_31789.JPG", "14_sn": "351035012642", "14_width": 1728, "14_height": 2592, "14_distortion": [0.8103862756275096, -47.337606938569984, -0.009269498050023835, 0.010883906245672167, 2101.8087113190422], "14_match_num": 1359, "14_valid": true, "15_K": [[11653.280638927135, 0.0, 937.1817675413636], [0.0, 11653.280638927135, 1258.7290346879734], [0.0, 0.0, 1.0]], "15_Rt": [[-0.03485298857585321, -0.8020108987787881, -0.5962916965943532, 3.3425423629831768], [0.9976155415358208, 0.0076441342040818264, -0.06859153372291021, -0.433571377537302], [0.05956929136327366, -0.5972604837525339, 0.7998321161807438, 1.0266180920885961]], "15_ori": "SSP_31790.JPG", "15_sn": "361035001309", "15_width": 1728, "15_height": 2592, "15_distortion": [0.9847873353230004, 2.785078794954548, -0.007188517990684278, -0.005229144574627503, 19.81278758133971], "15_match_num": 1440, "15_valid": true, "16_K": [[11797.158029664, 0.0, 855.7776524017612], [0.0, 11797.158029664, 1532.0182139721378], [0.0, 0.0, 1.0]], "16_Rt": [[0.03906379000682306, -0.5405922623039298, 0.8403773118352387, -6.0307425526353775], [0.9215207724313099, 0.3446738218598997, 0.17888382403697714, -1.9439179208316444], [-0.3863592710003281, 0.7674372693983589, 0.5116312649266909, 5.328618607152773]], "16_ori": "SSP_31792.JPG", "16_sn": "184032044694", "16_width": 1728, "16_height": 2592, "16_distortion": [1.2568876520442578, -21.734348018514833, -0.00042405643390712645, 0.026906764093631085, -212.07637195630411], "16_match_num": 1066, "16_valid": true, "17_K": [[9697.691015431667, 0.0, 904.3008095218565], [0.0, 9697.691015431667, 1236.8843690405586], [0.0, 0.0, 1.0]], "17_Rt": [[-0.03878912470086372, -0.3547718155542129, -0.9341479340518334, 5.904699730766799], [0.9778584023532928, -0.20586574183998418, 0.03757979887837434, -1.1772252563409065], [-0.20564131090811233, -0.9120067188486282, 0.35490195268968655, 3.5987359480431786]], "17_ori": "SSP_31793.JPG", "17_sn": "351035018540", "17_width": 1728, "17_height": 2592, "17_distortion": [0.622556995290531, 8.516607218340557, -0.00435065757702586, -0.0053784484197208545, -268.97840587284895], "17_match_num": 582, "17_valid": true, "18_K": [[9697.691015431667, 0.0, 904.3008095218565], [0.0, 9697.691015431667, 1236.8843690405586], [0.0, 0.0, 1.0]], "18_Rt": [[0.039825795828504006, -0.8129607984117273, 0.5809549433754678, -4.593855345169862], [0.9890844752709717, 0.11462263941200529, 0.09259347337783601, -1.4354608086563938], [-0.1418654530341088, 0.570925906558804, 0.8086518425474802, 2.006202918137189]], "18_ori": "SSP_31794.JPG", "18_sn": "184066128653", "18_width": 1728, "18_height": 2592, "18_distortion": [0.622556995290531, 8.516607218340557, -0.00435065757702586, -0.0053784484197208545, -268.97840587284895], "18_match_num": 1495, "18_valid": true, "19_K": [[10633.464753020255, 0.0, 849.1060004711916], [0.0, 10633.464753020255, 1263.225231714784], [0.0, 0.0, 1.0]], "19_Rt": [[-0.025093925992932038, -0.9439088338831577, 0.3292512842732715, -2.825688915117958], [0.9139100625553944, 0.1118161678048551, 0.39021217584466983, -3.2844177566915644], [-0.4051403367208162, 0.3106980172688166, 0.8598418747810378, 2.1901430187884947]], "19_ori": "SSP_31795.JPG", "19_sn": "351035018533", "19_width": 1728, "19_height": 2592, "19_distortion": [0.487248588000708, 88.42969371239428, -0.003088026951500078, -0.0028835418797636407, -4733.5191779356965], "19_match_num": 561, "19_valid": true, "20_K": [[10621.480771586937, 0.0, 775.8489915677013], [0.0, 10621.480771586937, 1225.244063500866], [0.0, 0.0, 1.0]], "20_Rt": [[0.006484939426290068, -0.8639356514537286, -0.5035604588407024, 2.7541315111744145], [0.9852952153516079, -0.080459837393732, 0.1507300672453999, -2.0313714284665094], [-0.1707374714755549, -0.49713318609181145, 0.8507098865772853, 0.8887291367601511]], "20_ori": "SSP_31796.JPG", "20_sn": "361035004455", "20_width": 1728, "20_height": 2592, "20_distortion": [0.6806172558904804, 31.14847736543754, -0.011200482801117982, 0.012204342812643109, -1655.5613652443874], "20_match_num": 1286, "20_valid": true, "21_K": [[7360.265369920794, 0.0, 667.2431289463632], [0.0, 7360.265369920794, 1722.7547782055906], [0.0, 0.0, 1.0]], "21_Rt": [[-0.09655040628660422, -0.21730404360484237, -0.9713171323923389, 6.629917817972635], [0.6699245323841077, -0.7359260837021524, 0.09805060038952912, -1.961444155576865], [-0.7361244052168263, -0.6412423504103557, 0.2166312721755021, 4.347887231961242]], "21_ori": "SSP_31797.JPG", "21_sn": "184066128651", "21_width": 1728, "21_height": 2592, "21_distortion": [-8.412885655426777, 773.7994707740588, 0.002866711368117777, 0.02180880164804752, -22785.51347284425], "21_match_num": 23, "21_valid": false, "22_K": [[10667.60256662032, 0.0, 910.5476862852432], [0.0, 10667.60256662032, 1316.9183426494803], [0.0, 0.0, 1.0]], "22_Rt": [[-0.02523757501474643, -0.9721382960661031, -0.23304548510766876, 0.8671376872675086], [0.9107763925100383, -0.11846537160106124, 0.3955405397400161, -3.5564729690072143], [-0.4121279263211555, -0.20226984217405247, 0.8883903890143725, 1.4681188427344636]], "22_ori": "SSP_31798.JPG", "22_sn": "374035010415", "22_width": 1728, "22_height": 2592, "22_distortion": [0.30187319421545894, 124.36483107397017, 0.0023160304777656705, 0.0010850754481160746, -6953.974991024863], "22_match_num": 547, "22_valid": true, "23_K": [[6866.308145209971, 0.0, 798.4409758876893], [0.0, 6866.308145209971, 1198.938538454541], [0.0, 0.0, 1.0]], "23_Rt": [[0.02852575829807119, 0.007501687661378931, 0.9995649082454581, -6.9363482588913605], [0.9876414610465919, -0.15438229703937884, -0.02702685299102095, -0.4942657422787051], [0.15411237956528115, 0.9879827078664261, -0.011812849853045981, 7.2496739900583576]], "23_ori": "SSP_31799.JPG", "23_sn": "361035004811", "23_width": 1728, "23_height": 2592, "23_distortion": [0.24055023563615024, 5.976107307319832, -0.0015810394130513904, 0.010529821972435587, -56.65195386191675], "23_match_num": 703, "23_valid": true, "24_K": [[8046.6628401076205, 0.0, 835.0523375823562], [0.0, 8046.6628401076205, 1296.53190218602], [0.0, 0.0, 1.0]], "24_Rt": [[0.04430275227809391, 0.352305832955645, 0.9348357429014011, -6.202803664941584], [0.9513181187704136, 0.2708175116524565, -0.14714520814995208, 0.30722884987343635], [-0.30501000481903373, 0.8958451180018789, -0.3231569611078994, 9.746690715130459]], "24_ori": "SSP_31800.JPG", "24_sn": "361035013716", "24_width": 1728, "24_height": 2592, "24_distortion": [0.7011483465863793, -22.54340930153138, -0.00023506680414798597, 0.0011433416859007372, 597.6914140172427], "24_match_num": 383, "24_valid": true, "25_K": [[9128.87558370912, 0.0, 1216.2480495988148], [0.0, 9128.87558370912, 899.3784592341933], [0.0, 0.0, 1.0]], "25_Rt": [[-0.005253843720482709, -0.9127146273378219, 0.40856383365361804, -3.376843587399277], [0.9927770546689434, -0.05373205238066134, -0.10726875719341294, -0.26782839216796744], [0.11985873705749717, 0.40504922613250655, 0.906404439287694, 0.7279285596168418]], "25_ori": "SSP_31801.JPG", "25_sn": "184066128635", "25_width": 2592, "25_height": 1728, "25_distortion": [0.6658146836401032, 3.1967090914712357, 0.005094926031651028, -0.011201093138612317, -204.648101236397], "25_match_num": 714, "25_valid": true, "26_K": [[11797.158029664, 0.0, 872.2223475982388], [0.0, 11797.158029664, 1059.9817860278622], [0.0, 0.0, 1.0]], "26_Rt": [[-0.02155701427070225, -0.6644291532743178, -0.7470402903558184, 4.4581890990134045], [0.9299103771850272, -0.2877316730604865, 0.2290789704914304, -2.411860823393895], [-0.36715389898424483, -0.68974225954119, 0.6240622003163471, 2.808337301323177]], "26_ori": "SSP_31802.JPG", "26_sn": "184066128649", "26_width": 1728, "26_height": 2592, "26_distortion": [1.2568876520442578, -21.734348018514833, -0.00042405643390712645, 0.026906764093631085, -212.07637195630411], "26_match_num": 527, "26_valid": true, "27_K": [[9155.33296628089, 0.0, 780.251728080406], [0.0, 9155.33296628089, 1308.7715878343554], [0.0, 0.0, 1.0]], "27_Rt": [[-0.04258663961846315, -0.9468607872370007, 0.31881190021536926, -2.715406044635244], [0.6990920192422552, 0.19972825001912053, 0.6865704441469106, -5.0407992450670065], [-0.7137623741538871, 0.2521175831575955, 0.653437064685636, 1.791756819173203]], "27_ori": "SSP_31803.JPG", "27_sn": "064037017484", "27_width": 1728, "27_height": 2592, "27_distortion": [0.45564896264486326, 14.376126167098098, -0.008137648630063351, -0.0028055170202422844, -100.11595706712403], "27_match_num": 171, "27_valid": true, "28_K": [[10224.704622344201, 0.0, 1145.197075287975], [0.0, 10224.704622344201, 818.045146719681], [0.0, 0.0, 1.0]], "28_Rt": [[-0.02377778027215305, -0.06733129777428348, 0.9974472986104879, -6.75547029090194], [0.9941092815751802, -0.10712411550523204, 0.016466941528433754, -1.094506339154236], [0.10574191908324887, 0.9919631647481939, 0.06948184173824956, 7.033125744821819]], "28_ori": "SSP_31804.JPG", "28_sn": "361035001964", "28_width": 2592, "28_height": 1728, "28_distortion": [0.6940023470310963, 21.756766864273718, -0.008249577550674457, -0.022762989108730636, -501.67206833229085], "28_match_num": 858, "28_valid": true, "29_K": [[6616.00772062528, 0.0, 783.131990883918], [0.0, 6616.00772062528, 1249.4885441234003], [0.0, 0.0, 1.0]], "29_Rt": [[0.026782183443891744, 0.36003603095541103, 0.9325538971361667, -6.09583766060071], [0.998998088729846, -0.04309990514646324, -0.01205059710058964, -0.8120932506712298], [0.03585433535979435, 0.9319423021787563, -0.36082961636438216, 9.304558605537295]], "29_ori": "SSP_31805.JPG", "29_sn": "361035004555", "29_width": 1728, "29_height": 2592, "29_distortion": [0.5177579962748708, -12.640253706205877, -0.009304706858223336, 0.0059407416327504296, 226.99039371422154], "29_match_num": 366, "29_valid": true, "30_K": [[8661.099571012412, 0.0, 759.147066087936], [0.0, 8661.099571012412, 1184.0663115239438], [0.0, 0.0, 1.0]], "30_Rt": [[-0.177781824297578, -0.44266041435902653, -0.8788887190702358, 5.67302835400435], [0.6490245135299101, -0.7240785521832804, 0.23340400833196506, -2.7587192843694073], [-0.7397031862758796, -0.5289253329418618, 0.4160254660302082, 2.5579935531213853]], "30_ori": "SSP_31806.JPG", "30_sn": "361035001144", "30_width": 1728, "30_height": 2592, "30_distortion": [0.8103862756275096, -47.337606938569984, -0.009269498050023835, 0.010883906245672167, 2101.8087113190422], "30_match_num": 35, "30_valid": false, "31_K": [[9128.87558370912, 0.0, 828.6215407658067], [0.0, 9128.87558370912, 1216.2480495988148], [0.0, 0.0, 1.0]], "31_Rt": [[-0.029842239835905504, -0.07679965283069273, -0.9965998465014237, 6.657327857388662], [0.9793476158072215, 0.1972203873729167, -0.044523771372016435, -0.44056905377907757], [0.1999692179668841, -0.977346372648695, 0.06932805879404849, 4.952553819568326]], "31_ori": "SSP_31807.JPG", "31_sn": "351035021207", "31_width": 1728, "31_height": 2592, "31_distortion": [0.6658146836401032, 3.1967090914712357, 0.005094926031651028, -0.011201093138612317, -204.648101236397], "31_match_num": 526, "31_valid": true, "32_K": [[9697.691015431667, 0.0, 823.6991904781435], [0.0, 9697.691015431667, 1355.1156309594414], [0.0, 0.0, 1.0]], "32_Rt": [[0.023203985586237742, -0.9062191769382884, 0.42217102979977794, -3.3354996003780135], [0.9526444476441136, 0.14811403799539113, 0.2655763320055867, -2.571038970091223], [-0.30319982095271014, 0.3960164581150525, 0.8667415032616435, 1.7143234299381005]], "32_ori": "SSP_31808.JPG", "32_sn": "051036007313", "32_width": 1728, "32_height": 2592, "32_distortion": [0.622556995290531, 8.516607218340557, -0.00435065757702586, -0.0053784484197208545, -268.97840587284895], "32_match_num": 890, "32_valid": true, "33_K": [[6616.00772062528, 0.0, 944.868009116082], [0.0, 6616.00772062528, 1342.5114558765997], [0.0, 0.0, 1.0]], "33_Rt": [[0.06679479545482216, 0.843226602141812, 0.533392306600426, -3.284483353080996], [0.9931815012684108, -0.10738148200007734, 0.04538416972570802, -1.012355901918649], [0.09554559559902945, 0.5267239455007162, -0.844649586750497, 10.212579864541695]], "33_ori": "SSP_31809.JPG", "33_sn": "351035018481", "33_width": 1728, "33_height": 2592, "33_distortion": [0.5177579962748708, -12.640253706205877, -0.009304706858223336, 0.0059407416327504296, 226.99039371422154], "33_match_num": 19, "33_valid": false, "34_K": [[10247.011588851983, 0.0, 977.7767980515227], [0.0, 10247.011588851983, 1298.836721665264], [0.0, 0.0, 1.0]], "34_Rt": [[-0.032619026895397835, -0.9945591448615985, 0.09893485966312988, -1.3534750347191924], [0.9913097386224112, -0.01957217375337461, 0.1300843269842083, -1.9784238228313098], [-0.12744018674171825, 0.10231831403386983, 0.986554591199342, 0.507985094801932]], "34_ori": "SSP_31810.JPG", "34_sn": "351035021127", "34_width": 1728, "34_height": 2592, "34_distortion": [1.0027504395322404, -52.08242538593128, 0.010222522598501451, -0.000780919953230894, 3625.8142056442002], "34_match_num": 1403, "34_valid": true, "35_K": [[9128.87558370912, 0.0, 828.6215407658067], [0.0, 9128.87558370912, 1216.2480495988148], [0.0, 0.0, 1.0]], "35_Rt": [[-0.04503747953631634, -0.9907371084023255, -0.12810779629520913, 0.13549256573795831], [0.6678683366422592, -0.12522776945516007, 0.7336687881244421, -5.40885419263709], [-0.7429155472513131, -0.05251654779099813, 0.667321887742638, 1.4571633066679142]], "35_ori": "SSP_31811.JPG", "35_sn": "174032019534", "35_width": 1728, "35_height": 2592, "35_distortion": [0.6658146836401032, 3.1967090914712357, 0.005094926031651028, -0.011201093138612317, -204.648101236397], "35_match_num": 216, "35_valid": true, "36_K": [[6616.00772062528, 0.0, 944.868009116082], [0.0, 6616.00772062528, 1342.5114558765997], [0.0, 0.0, 1.0]], "36_Rt": [[-0.015207730642006374, 0.6922103326539867, -0.7215355710536919, 5.521673718308703], [0.9955542359592566, 0.07756786824839926, 0.05343209783435524, -0.9500402795203791], [0.09295422632834571, -0.7175152132062819, -0.6903125600952388, 8.086286957168412]], "36_ori": "SSP_31812.JPG", "36_sn": "064036011572", "36_width": 1728, "36_height": 2592, "36_distortion": [0.5177579962748708, -12.640253706205877, -0.009304706858223336, 0.0059407416327504296, 226.99039371422154], "36_match_num": 34, "36_valid": false, "37_K": [[17561.9952694176, 0.0, 1407.4807111399002], [0.0, 17561.9952694176, 2169.6680010297187], [0.0, 0.0, 1.0]], "37_Rt": [[-0.026369050981127674, -0.972370700155731, -0.23194804295145105, 0.9107934132955416], [0.9566549344595386, 0.04277197129274192, -0.2880657821504469, 1.1151186865867058], [0.2900276013150655, -0.22949026112318222, 0.9290953721362748, -0.3727368796621229]], "37_ori": "SSP_31813.JPG", "37_sn": "344054001049", "37_width": 2896, "37_height": 4344, "37_distortion": [0.5936662757016268, 2.3478208854633564, -0.002361184680035888, -0.00030873677993065337, -133.80262324377796], "37_match_num": 985, "37_valid": true, "38_K": [[17561.9952694176, 0.0, 1407.4807111399002], [0.0, 17561.9952694176, 2169.6680010297187], [0.0, 0.0, 1.0]], "38_Rt": [[-0.010115339545303442, -0.702148723647783, 0.7119584607164046, -5.200117872754232], [0.9659821512715664, -0.19085817592960505, -0.17450398306508802, 0.10832048247062404], [0.2584108421305883, 0.6859739984581142, 0.6801937298363947, 2.8494177034917456]], "38_ori": "SSP_31814.JPG", "38_sn": "344054000911", "38_width": 2896, "38_height": 4344, "38_distortion": [0.5936662757016268, 2.3478208854633564, -0.002361184680035888, -0.00030873677993065337, -133.80262324377796], "38_match_num": 1171, "38_valid": true, "39_K": [[17561.9952694176, 0.0, 1407.4807111399002], [0.0, 17561.9952694176, 2169.6680010297187], [0.0, 0.0, 1.0]], "39_Rt": [[-0.0742343992147333, -0.39604130560150796, -0.9152270419030901, 5.86023717551614], [0.9377127782275584, -0.3400594174738163, 0.07109386848471957, -1.5805887015424247], [-0.33938768322079915, -0.8529424815571223, 0.3966170995219406, 4.019961651463104]], "39_ori": "SSP_31815.JPG", "39_sn": "344054000913", "39_width": 2896, "39_height": 4344, "39_distortion": [0.5936662757016268, 2.3478208854633564, -0.002361184680035888, -0.00030873677993065337, -133.80262324377796], "39_match_num": 265, "39_valid": true, "40_K": [[17561.9952694176, 0.0, 1407.4807111399002], [0.0, 17561.9952694176, 2169.6680010297187], [0.0, 0.0, 1.0]], "40_Rt": [[0.013094978544944541, -0.22245217313684906, 0.97485565711217, -6.530784313309331], [0.9489206523764872, 0.310133765635459, 0.05802277920051993, -0.9653142632019099], [-0.3152429492158224, 0.9243008590710404, 0.21515065626264518, 6.713933060506859]], "40_ori": "SSP_31816.JPG", "40_sn": "344054000893", "40_width": 2896, "40_height": 4344, "40_distortion": [0.5936662757016268, 2.3478208854633564, -0.002361184680035888, -0.00030873677993065337, -133.80262324377796], "40_match_num": 272, "40_valid": true, "41_K": [[17561.9952694176, 0.0, 1407.4807111399002], [0.0, 17561.9952694176, 2169.6680010297187], [0.0, 0.0, 1.0]], "41_Rt": [[-0.0019465231461066428, -0.7211781527173433, 0.6927469112820654, -5.23531089437026], [0.9982847090634255, -0.041936711750352754, -0.040852807219575814, -0.7392367539635343], [0.0585136795783146, 0.6914791278489669, 0.7200227531484256, 2.60477426972533]], "41_ori": "SSP_31817.JPG", "41_sn": "344054000912", "41_width": 2896, "41_height": 4344, "41_distortion": [0.5936662757016268, 2.3478208854633564, -0.002361184680035888, -0.00030873677993065337, -133.80262324377796], "41_match_num": 1155, "41_valid": true, "42_K": [[17561.9952694176, 0.0, 1407.4807111399002], [0.0, 17561.9952694176, 2169.6680010297187], [0.0, 0.0, 1.0]], "42_Rt": [[-0.03792369230968813, -0.8578762763590035, -0.5124549619449602, 2.8583080296462007], [0.9436567243063111, -0.19945503079478138, 0.26406377517966295, -2.7992147127632023], [-0.3287457683881009, -0.4735672973834482, 0.8171047880265132, 1.3037860201736957]], "42_ori": "SSP_31818.JPG", "42_sn": "344054000892", "42_width": 2896, "42_height": 4344, "42_distortion": [0.5936662757016268, 2.3478208854633564, -0.002361184680035888, -0.00030873677993065337, -133.80262324377796], "42_match_num": 394, "42_valid": true, "43_K": [[17561.9952694176, 0.0, 1407.4807111399002], [0.0, 17561.9952694176, 2169.6680010297187], [0.0, 0.0, 1.0]], "43_Rt": [[0.040534247824522585, -0.47120563350863454, 0.8810914967828407, -6.061735883235978], [0.9598193309157568, -0.22669770304564524, -0.16539348062803857, 0.17519741954206525], [0.27767575831125246, 0.8523927512500062, 0.4430832550014907, 4.563783138282031]], "43_ori": "SSP_31819.JPG", "43_sn": "344054001453", "43_width": 2896, "43_height": 4344, "43_distortion": [0.5936662757016268, 2.3478208854633564, -0.002361184680035888, -0.00030873677993065337, -133.80262324377796], "43_match_num": 656, "43_valid": true, "44_K": [[17561.9952694176, 0.0, 1407.4807111399002], [0.0, 17561.9952694176, 2169.6680010297187], [0.0, 0.0, 1.0]], "44_Rt": [[0.0033029363785405316, -0.2104944299692041, 0.977589477011296, -6.459620306724838], [0.9990785608124707, -0.04113844507890331, -0.012233464814691744, -0.9309798872194381], [0.04279158721245986, 0.9767290941138335, 0.21016459448586644, 6.019885388846821]], "44_ori": "SSP_31820.JPG", "44_sn": "344054001454", "44_width": 2896, "44_height": 4344, "44_distortion": [0.5936662757016268, 2.3478208854633564, -0.002361184680035888, -0.00030873677993065337, -133.80262324377796], "44_match_num": 406, "44_valid": true, "45_K": [[17561.9952694176, 0.0, 1407.4807111399002], [0.0, 17561.9952694176, 2169.6680010297187], [0.0, 0.0, 1.0]], "45_Rt": [[-0.008631933180653882, -0.8531526529876762, -0.5215899159585569, 2.8887876726871333], [0.9721277236488566, 0.11505430886275039, -0.20427969778078117, 0.6380642410033437], [0.234292933403586, -0.5088153463803982, 0.8283802053676426, 0.3620872193132696]], "45_ori": "SSP_31821.JPG", "45_sn": "344054001457", "45_width": 2896, "45_height": 4344, "45_distortion": [0.5936662757016268, 2.3478208854633564, -0.002361184680035888, -0.00030873677993065337, -133.80262324377796], "45_match_num": 644, "45_valid": true, "46_K": [[17561.9952694176, 0.0, 1407.4807111399002], [0.0, 17561.9952694176, 2169.6680010297187], [0.0, 0.0, 1.0]], "46_Rt": [[-0.03017762111844946, -0.39490202722636203, -0.91822747730404, 5.830239421548553], [0.9692313574920425, 0.212961494598246, -0.12344220296403441, 0.044412936594743324], [0.24429467214363054, -0.8937000563449635, 0.376324756628162, 3.400935002336633]], "46_ori": "SSP_31822.JPG", "46_sn": "344054001450", "46_width": 2896, "46_height": 4344, "46_distortion": [0.5936662757016268, 2.3478208854633564, -0.002361184680035888, -0.00030873677993065337, -133.80262324377796], "46_match_num": 273, "46_valid": true, "47_K": [[17561.9952694176, 0.0, 1407.4807111399002], [0.0, 17561.9952694176, 2169.6680010297187], [0.0, 0.0, 1.0]], "47_Rt": [[-0.022365427493693964, -0.9945055495407354, 0.10226680588394313, -1.3377175512625323], [0.9904543944949677, -0.03595795420310785, -0.13306809518112925, -0.08273927612460122], [0.13601426424692079, 0.09831448246421778, 0.9858166069098054, -0.19614361723918394]], "47_ori": "SSP_31823.JPG", "47_sn": "344054000909", "47_width": 2896, "47_height": 4344, "47_distortion": [0.5936662757016268, 2.3478208854633564, -0.002361184680035888, -0.00030873677993065337, -133.80262324377796], "47_match_num": 1725, "47_valid": true, "48_K": [[17561.9952694176, 0.0, 1407.4807111399002], [0.0, 17561.9952694176, 2169.6680010297187], [0.0, 0.0, 1.0]], "48_Rt": [[-0.03092631155628776, -0.39748747730434686, -0.9170862929080064, 5.7999452478666385], [0.9994103722120979, 0.001394531131665034, -0.03430689723362901, -0.7265184512210323], [0.014915467421418166, -0.9176065391381805, 0.39720997993813223, 3.2243564419628683]], "48_ori": "SSP_31824.JPG", "48_sn": "344054001456", "48_width": 2896, "48_height": 4344, "48_distortion": [0.5936662757016268, 2.3478208854633564, -0.002361184680035888, -0.00030873677993065337, -133.80262324377796], "48_match_num": 415, "48_valid": true, "49_K": [[17561.9952694176, 0.0, 2174.3319989702813], [0.0, 17561.9952694176, 1407.4807111399002], [0.0, 0.0, 1.0]], "49_Rt": [[-0.06512176751877954, -0.6718484060821327, -0.7378203539074588, 4.556034187569043], [0.9933552820051191, 0.026664890054388324, -0.11195654224259277, -0.053022104215879606], [0.09489172307298516, -0.7402085536409891, 0.665647698117371, 1.2713206921724185]], "49_ori": "SSP_31825.JPG", "49_sn": "344054001455", "49_width": 4344, "49_height": 2896, "49_distortion": [0.5936662757016268, 2.3478208854633564, -0.002361184680035888, -0.00030873677993065337, -133.80262324377796], "49_match_num": 387, "49_valid": true, "50_K": [[17561.9952694176, 0.0, 1407.4807111399002], [0.0, 17561.9952694176, 2169.6680010297187], [0.0, 0.0, 1.0]], "50_Rt": [[0.027103774544382328, -0.24414668973200504, 0.9693594685658935, -6.69672763848071], [0.9725690166076926, -0.21767531566838805, -0.08201807656494592, -0.3795459217502239], [0.2310300702077394, 0.9449919845382668, 0.2315496832609265, 5.89547859782386]], "50_ori": "SSP_31826.JPG", "50_sn": "344054000895", "50_width": 2896, "50_height": 4344, "50_distortion": [0.5936662757016268, 2.3478208854633564, -0.002361184680035888, -0.00030873677993065337, -133.80262324377796], "50_match_num": 669, "50_valid": true, "51_K": [[17561.9952694176, 0.0, 1407.4807111399002], [0.0, 17561.9952694176, 2169.6680010297187], [0.0, 0.0, 1.0]], "51_Rt": [[-0.03205689484977708, -0.9153038573565309, 0.4014862440991543, -3.219538697125102], [0.9583508830053818, -0.1422030723270341, -0.24767291184858556, 0.6488962700083181], [0.28378854898567574, 0.3768250720546706, 0.8817408488527669, 0.7038176047923166]], "51_ori": "SSP_31827.JPG", "51_sn": "344054001047", "51_width": 2896, "51_height": 4344, "51_distortion": [0.5936662757016268, 2.3478208854633564, -0.002361184680035888, -0.00030873677993065337, -133.80262324377796], "51_match_num": 849, "51_valid": true, "52_K": [[17561.9952694176, 0.0, 1407.4807111399002], [0.0, 17561.9952694176, 2169.6680010297187], [0.0, 0.0, 1.0]], "52_Rt": [[-0.0836065335483441, -0.858113696007849, -0.5066071774775585, 2.88948893173779], [0.9963564653174541, -0.0633920129947923, -0.05705476937624881, -0.49084105430982844], [0.016844630246415866, -0.5095314881459407, 0.8602871154560229, 0.16094908094721094]], "52_ori": "SSP_31828.JPG", "52_sn": "344054000914", "52_width": 2896, "52_height": 4344, "52_distortion": [0.5936662757016268, 2.3478208854633564, -0.002361184680035888, -0.00030873677993065337, -133.80262324377796], "52_match_num": 1157, "52_valid": true, "53_K": [[17561.9952694176, 0.0, 1407.4807111399002], [0.0, 17561.9952694176, 2169.6680010297187], [0.0, 0.0, 1.0]], "53_Rt": [[-0.020013642820395763, -0.9945363325274312, 0.10245456253356586, -1.3731906822944133], [0.9501538484845654, 0.012970603915148121, 0.31151152088493594, -2.9290758479223036], [-0.31113842307086914, 0.10358207719949952, 0.9447029347747418, 0.9548062281881642]], "53_ori": "SSP_31829.JPG", "53_sn": "344054000896", "53_width": 2896, "53_height": 4344, "53_distortion": [0.5936662757016268, 2.3478208854633564, -0.002361184680035888, -0.00030873677993065337, -133.80262324377796], "53_match_num": 584, "53_valid": true, "54_K": [[17561.9952694176, 0.0, 2174.3319989702813], [0.0, 17561.9952694176, 1407.4807111399002], [0.0, 0.0, 1.0]], "54_Rt": [[-0.05090942834283685, -0.9804293003951643, -0.1901752271786588, 0.7743591310173799], [0.9860080840804961, -0.019077000593367532, -0.16560231331799116, 0.04950757712373631], [0.15873338726844777, -0.19594503049327275, 0.9676824152537217, -0.7583680738935085]], "54_ori": "SSP_31830.JPG", "54_sn": "344054001051", "54_width": 4344, "54_height": 2896, "54_distortion": [0.5936662757016268, 2.3478208854633564, -0.002361184680035888, -0.00030873677993065337, -133.80262324377796], "54_match_num": 743, "54_valid": true, "55_K": [[17561.9952694176, 0.0, 1407.4807111399002], [0.0, 17561.9952694176, 2169.6680010297187], [0.0, 0.0, 1.0]], "55_Rt": [[-0.03781031098400992, -0.9926801080832255, 0.11470215080445667, -1.3479769735294354], [0.9611499623235416, -0.06753432695241221, -0.26763756202846317, 0.8323569817011893], [0.2734248165561189, 0.10012650847283427, 0.9566679423876878, 0.10240796829430227]], "55_ori": "SSP_31831.JPG", "55_sn": "344054000891", "55_width": 2896, "55_height": 4344, "55_distortion": [0.5936662757016268, 2.3478208854633564, -0.002361184680035888, -0.00030873677993065337, -133.80262324377796], "55_match_num": 1017, "55_valid": true, "56_K": [[17561.9952694176, 0.0, 1407.4807111399002], [0.0, 17561.9952694176, 2169.6680010297187], [0.0, 0.0, 1.0]], "56_Rt": [[-0.0005933911753590593, -0.7231955408788608, 0.6906430753579196, -5.192169312025109], [0.9645653232644332, 0.18180780902908003, 0.1912057994199571, -2.2314538616501567], [-0.26384348588262, 0.6662838210770072, 0.697461457521726, 3.4598704045558244]], "56_ori": "SSP_31832.JPG", "56_sn": "344054000910", "56_width": 2896, "56_height": 4344, "56_distortion": [0.5936662757016268, 2.3478208854633564, -0.002361184680035888, -0.00030873677993065337, -133.80262324377796], "56_match_num": 789, "56_valid": true, "57_K": [[6523.000674323158, 0.0, 832.1141556673875], [0.0, 6523.000674323158, 749.6040687415333], [0.0, 0.0, 1.0]], "57_Rt": [[0.9985375071244944, -0.01782826605720597, 0.05103919861237815, -1.1634404560420089], [0.02250384380419234, 0.995453626033265, -0.09255082620517754, 1.3973203026339718], [-0.04915713457512368, 0.09356404943469443, 0.9943989867119462, -2.526105259134927]], "57_ori": "fc2_save_2018-07-11-154654-0000.tif", "57_width": 2048, "57_height": 1500, "57_distortion": [0.9484473864482784, -19.823678045512782, -0.0037823062695053512, -0.034201161414871596, 221.38538094766545], "57_match_num": 136, "57_valid": true}